/*---------------------------------------------------------------------------*\
| =========                 |                                                 |
| \\      /  F ield         | OpenFOAM: The Open Source CFD Toolbox           |
|  \\    /   O peration     | Version:  2.4.0                                 |
|   \\  /    A nd           | Web:      www.OpenFOAM.org                      |
|    \\/     M anipulation  |                                                 |
\*---------------------------------------------------------------------------*/
Build  : 2.4.0-dcea1e13ff76
Exec   : interThermalPhaseChangeFoam
Date   : Dec 02 2015
Time   : 16:21:40
Host   : "MTFE-Workstation-01"
PID    : 22814
Case   : /home/mtfe/softwareXAutomation/CFD-PC/interThermalPhaseFoam/tutorials/Stefan
nProcs : 1
sigFpe : Enabling floating point exception trapping (FOAM_SIGFPE).
fileModificationChecking : Monitoring run-time modified files using timeStampMaster
allowSystemOperations : Allowing user-supplied system call operations

// * * * * * * * * * * * * * * * * * * * * * * * * * * * * * * * * * * * * * //
Create time

Create mesh for time = 0.006


PIMPLE: Operating solver in PISO mode

Reading field p_rgh

Reading field alpha1

Reading field U

Reading/calculating face flux field phi

Reading field T

Reading transportProperties

Selecting incompressible transport model Newtonian
Selecting incompressible transport model Newtonian
Selecting incompressible thermal transport model Fourier
Selecting incompressible thermal transport model Fourier
Selecting turbulence model type laminar
Selecting phase change model: HiLoFacePair
Selecting surface tension force model: Brackbill

Reading g
Calculating field g.h

No finite volume options present

time step continuity errors : sum local = 2.50551e-05, global = -2.5051e-05, cumulative = -2.5051e-05
GAMGPCG:  Solving for pcorr, Initial residual = 1, Final residual = 1.60511e-08, No Iterations 5
GAMGPCG:  Solving for pcorr, Initial residual = 3.71778e-11, Final residual = 3.71778e-11, No Iterations 0
time step continuity errors : sum local = 4.02149e-13, global = -4.47084e-14, cumulative = -2.5051e-05
Courant Number mean: 1.13508e-06 max: 4.09301e-06
Minimum cell dimension: 1.83042e-06

Starting time loop

Using dynamicCode for functionObject VolumeLiquid at line 64 in ".VolumeLiquid"
Courant Number mean: 1.13508e-06 max: 4.09301e-06
Interface Courant Number mean: 3.7053e-10 max: 4.67642e-07
Fourier number mean: 0.10113 max: 0.249941
deltaT = 8.40336e-07
Time = 0.00600084

MULES: Solving for alpha1
Liquid phase volume fraction = 0.00491252  Min(alpha1) = 0  Max(alpha1) = 1
MULES: Solving for alpha1
Liquid phase volume fraction = 0.00491266  Min(alpha1) = 0  Max(alpha1) = 1
MULES: Solving for alpha1
Liquid phase volume fraction = 0.0049128  Min(alpha1) = 0  Max(alpha1) = 1
PIMPLE: iteration 1
GAMG:  Solving for p_rgh, Initial residual = 0.171167, Final residual = 0.000141664, No Iterations 1
GAMG:  Solving for p_rgh, Initial residual = 0.000116693, Final residual = 6.70902e-06, No Iterations 2
time step continuity errors : sum local = 2.5066e-05, global = -2.50646e-05, cumulative = -5.01156e-05
GAMG:  Solving for p_rgh, Initial residual = 0.00857288, Final residual = 9.40522e-06, No Iterations 1
GAMGPCG:  Solving for p_rgh, Initial residual = 9.42843e-06, Final residual = 4.52366e-09, No Iterations 2
time step continuity errors : sum local = 2.50653e-05, global = -2.50653e-05, cumulative = -7.51809e-05
****
****Pressure range: 4.70359 Pa
****Max velocity: 0.0389464 m/s
****Phase change energy: -0.0911057 W
****Volume change: -2.98277e-08 m^3/s
DILUPBiCG:  Solving for H, Initial residual = 4.21122e-05, Final residual = 6.77726e-12, No Iterations 1
DILUPBiCG:  Solving for H, Initial residual = 1.07641e-06, Final residual = 1.48058e-13, No Iterations 1
DILUPBiCG:  Solving for H, Initial residual = 5.29477e-07, Final residual = 8.15151e-14, No Iterations 1
ExecutionTime = 0.12 s  ClockTime = 0 s

Courant Number mean: 0.00745701 max: 0.0136532
Interface Courant Number mean: 1.25327e-05 max: 0.00685177
Fourier number mean: 0.10113 max: 0.249941
deltaT = 8.40336e-07
Time = 0.00600168

MULES: Solving for alpha1
Liquid phase volume fraction = 0.00491294  Min(alpha1) = 0  Max(alpha1) = 1
MULES: Solving for alpha1
Liquid phase volume fraction = 0.00491308  Min(alpha1) = 0  Max(alpha1) = 1
MULES: Solving for alpha1
Liquid phase volume fraction = 0.00491323  Min(alpha1) = 0  Max(alpha1) = 1
PIMPLE: iteration 1
GAMG:  Solving for p_rgh, Initial residual = 0.174174, Final residual = 0.000266482, No Iterations 1
GAMG:  Solving for p_rgh, Initial residual = 0.000335374, Final residual = 2.32097e-05, No Iterations 2
time step continuity errors : sum local = 2.50474e-05, global = -2.50474e-05, cumulative = -0.000100228
GAMG:  Solving for p_rgh, Initial residual = 0.00811343, Final residual = 1.33868e-05, No Iterations 1
GAMGPCG:  Solving for p_rgh, Initial residual = 1.33855e-05, Final residual = 6.46632e-09, No Iterations 2
time step continuity errors : sum local = 2.50457e-05, global = -2.50457e-05, cumulative = -0.000125274
****
****Pressure range: 4.65177 Pa
****Max velocity: 0.0406562 m/s
****Phase change energy: -0.0910347 W
****Volume change: -2.98044e-08 m^3/s
DILUPBiCG:  Solving for H, Initial residual = 2.05904e-05, Final residual = 4.75579e-12, No Iterations 1
DILUPBiCG:  Solving for H, Initial residual = 2.68957e-07, Final residual = 2.6367e-14, No Iterations 1
DILUPBiCG:  Solving for H, Initial residual = 8.51162e-08, Final residual = 1.3986e-14, No Iterations 1
ExecutionTime = 0.15 s  ClockTime = 0 s

Courant Number mean: 0.00745113 max: 0.013556
Interface Courant Number mean: 1.25229e-05 max: 0.00680292
Fourier number mean: 0.10113 max: 0.249941
deltaT = 8.40336e-07
Time = 0.00600252

MULES: Solving for alpha1
Liquid phase volume fraction = 0.00491337  Min(alpha1) = 0  Max(alpha1) = 1
MULES: Solving for alpha1
Liquid phase volume fraction = 0.00491351  Min(alpha1) = 0  Max(alpha1) = 1
MULES: Solving for alpha1
Liquid phase volume fraction = 0.00491365  Min(alpha1) = 0  Max(alpha1) = 1
PIMPLE: iteration 1
GAMG:  Solving for p_rgh, Initial residual = 0.0159663, Final residual = 0.000176062, No Iterations 1
GAMG:  Solving for p_rgh, Initial residual = 0.000194407, Final residual = 1.70208e-05, No Iterations 2
time step continuity errors : sum local = 2.50539e-05, global = -2.50516e-05, cumulative = -0.000150326
GAMG:  Solving for p_rgh, Initial residual = 0.00261612, Final residual = 3.30929e-06, No Iterations 1
GAMGPCG:  Solving for p_rgh, Initial residual = 3.30249e-06, Final residual = 1.07556e-09, No Iterations 2
time step continuity errors : sum local = 2.50528e-05, global = -2.50528e-05, cumulative = -0.000175378
****
****Pressure range: 2.67568 Pa
****Max velocity: 0.041455 m/s
****Phase change energy: -0.0910602 W
****Volume change: -2.98128e-08 m^3/s
DILUPBiCG:  Solving for H, Initial residual = 1.89758e-05, Final residual = 3.14054e-12, No Iterations 1
DILUPBiCG:  Solving for H, Initial residual = 2.13639e-07, Final residual = 1.64958e-14, No Iterations 1
DILUPBiCG:  Solving for H, Initial residual = 5.4669e-08, Final residual = 8.58216e-15, No Iterations 1
ExecutionTime = 0.17 s  ClockTime = 0 s

Courant Number mean: 0.00745321 max: 0.0135595
Interface Courant Number mean: 1.25264e-05 max: 0.0068047
Fourier number mean: 0.10113 max: 0.249941
deltaT = 8.40336e-07
Time = 0.00600336

MULES: Solving for alpha1
Liquid phase volume fraction = 0.00491379  Min(alpha1) = 0  Max(alpha1) = 1
MULES: Solving for alpha1
Liquid phase volume fraction = 0.00491393  Min(alpha1) = 0  Max(alpha1) = 1
MULES: Solving for alpha1
Liquid phase volume fraction = 0.00491407  Min(alpha1) = 0  Max(alpha1) = 1
PIMPLE: iteration 1
GAMG:  Solving for p_rgh, Initial residual = 0.00615049, Final residual = 3.3247e-05, No Iterations 1
GAMG:  Solving for p_rgh, Initial residual = 3.38345e-05, Final residual = 3.30411e-06, No Iterations 2
time step continuity errors : sum local = 2.50543e-05, global = -2.50543e-05, cumulative = -0.000200433
GAMG:  Solving for p_rgh, Initial residual = 0.00118155, Final residual = 2.06465e-06, No Iterations 1
GAMGPCG:  Solving for p_rgh, Initial residual = 2.06564e-06, Final residual = 1.65913e-10, No Iterations 2
time step continuity errors : sum local = 2.50541e-05, global = -2.50541e-05, cumulative = -0.000225487
****
****Pressure range: 2.45809 Pa
****Max velocity: 0.0417947 m/s
****Phase change energy: -0.091065 W
****Volume change: -2.98143e-08 m^3/s
DILUPBiCG:  Solving for H, Initial residual = 1.76983e-05, Final residual = 2.22353e-12, No Iterations 1
DILUPBiCG:  Solving for H, Initial residual = 1.74857e-07, Final residual = 1.01566e-14, No Iterations 1
DILUPBiCG:  Solving for H, Initial residual = 3.33158e-08, Final residual = 5.04336e-15, No Iterations 1
ExecutionTime = 0.19 s  ClockTime = 0 s

Courant Number mean: 0.0074536 max: 0.0135601
Interface Courant Number mean: 1.2527e-05 max: 0.006805
Fourier number mean: 0.10113 max: 0.249941
deltaT = 8.40336e-07
Time = 0.0060042

MULES: Solving for alpha1
Liquid phase volume fraction = 0.00491421  Min(alpha1) = 0  Max(alpha1) = 1
MULES: Solving for alpha1
Liquid phase volume fraction = 0.00491435  Min(alpha1) = 0  Max(alpha1) = 1
MULES: Solving for alpha1
Liquid phase volume fraction = 0.00491449  Min(alpha1) = 0  Max(alpha1) = 1
PIMPLE: iteration 1
GAMG:  Solving for p_rgh, Initial residual = 0.00292748, Final residual = 5.2032e-06, No Iterations 1
GAMG:  Solving for p_rgh, Initial residual = 5.19264e-06, Final residual = 3.20786e-07, No Iterations 1
time step continuity errors : sum local = 2.50554e-05, global = -2.50553e-05, cumulative = -0.000250542
GAMG:  Solving for p_rgh, Initial residual = 0.000609194, Final residual = 6.09073e-07, No Iterations 1
GAMGPCG:  Solving for p_rgh, Initial residual = 6.09009e-07, Final residual = 1.09301e-10, No Iterations 2
time step continuity errors : sum local = 2.50554e-05, global = -2.50553e-05, cumulative = -0.000275597
****
****Pressure range: 2.39637 Pa
****Max velocity: 0.0419411 m/s
****Phase change energy: -0.0910696 W
****Volume change: -2.98159e-08 m^3/s
DILUPBiCG:  Solving for H, Initial residual = 1.68729e-05, Final residual = 1.67332e-12, No Iterations 1
DILUPBiCG:  Solving for H, Initial residual = 1.54229e-07, Final residual = 6.49533e-15, No Iterations 1
DILUPBiCG:  Solving for H, Initial residual = 2.17568e-08, Final residual = 3.07761e-15, No Iterations 1
ExecutionTime = 0.21 s  ClockTime = 0 s

Courant Number mean: 0.00745398 max: 0.0135607
Interface Courant Number mean: 1.25277e-05 max: 0.00680533
Fourier number mean: 0.10113 max: 0.249941
deltaT = 8.40336e-07
Time = 0.00600504

MULES: Solving for alpha1
Liquid phase volume fraction = 0.00491463  Min(alpha1) = 0  Max(alpha1) = 1
MULES: Solving for alpha1
Liquid phase volume fraction = 0.00491477  Min(alpha1) = 0  Max(alpha1) = 1
MULES: Solving for alpha1
Liquid phase volume fraction = 0.00491491  Min(alpha1) = 0  Max(alpha1) = 1
PIMPLE: iteration 1
GAMG:  Solving for p_rgh, Initial residual = 0.00153202, Final residual = 2.38022e-06, No Iterations 1
GAMG:  Solving for p_rgh, Initial residual = 2.37717e-06, Final residual = 9.24046e-08, No Iterations 2
time step continuity errors : sum local = 2.50566e-05, global = -2.50566e-05, cumulative = -0.000300654
GAMG:  Solving for p_rgh, Initial residual = 0.000373743, Final residual = 6.84858e-07, No Iterations 1
GAMGPCG:  Solving for p_rgh, Initial residual = 6.84959e-07, Final residual = 5.91298e-11, No Iterations 2
time step continuity errors : sum local = 2.50566e-05, global = -2.50566e-05, cumulative = -0.000325711
****
****Pressure range: 2.38215 Pa
****Max velocity: 0.0420051 m/s
****Phase change energy: -0.0910742 W
****Volume change: -2.98174e-08 m^3/s
DILUPBiCG:  Solving for H, Initial residual = 1.63308e-05, Final residual = 1.3377e-12, No Iterations 1
DILUPBiCG:  Solving for H, Initial residual = 1.42381e-07, Final residual = 4.2839e-15, No Iterations 1
DILUPBiCG:  Solving for H, Initial residual = 1.52814e-08, Final residual = 1.95568e-15, No Iterations 1
ExecutionTime = 0.23 s  ClockTime = 0 s

Courant Number mean: 0.00745435 max: 0.0135614
Interface Courant Number mean: 1.25283e-05 max: 0.00680567
Fourier number mean: 0.10113 max: 0.249941
deltaT = 8.40336e-07
Time = 0.00600588

MULES: Solving for alpha1
Liquid phase volume fraction = 0.00491505  Min(alpha1) = 0  Max(alpha1) = 1
MULES: Solving for alpha1
Liquid phase volume fraction = 0.00491519  Min(alpha1) = 0  Max(alpha1) = 1
MULES: Solving for alpha1
Liquid phase volume fraction = 0.00491534  Min(alpha1) = 0  Max(alpha1) = 1
PIMPLE: iteration 1
GAMG:  Solving for p_rgh, Initial residual = 0.000859565, Final residual = 1.16857e-06, No Iterations 1
GAMG:  Solving for p_rgh, Initial residual = 1.1674e-06, Final residual = 8.93431e-08, No Iterations 2
time step continuity errors : sum local = 2.50579e-05, global = -2.50579e-05, cumulative = -0.000350768
GAMG:  Solving for p_rgh, Initial residual = 0.000236126, Final residual = 6.87067e-07, No Iterations 1
GAMGPCG:  Solving for p_rgh, Initial residual = 6.8726e-07, Final residual = 4.83997e-11, No Iterations 2
time step continuity errors : sum local = 2.50579e-05, global = -2.50579e-05, cumulative = -0.000375826
****
****Pressure range: 2.37524 Pa
****Max velocity: 0.0420343 m/s
****Phase change energy: -0.0910788 W
****Volume change: -2.98189e-08 m^3/s
DILUPBiCG:  Solving for H, Initial residual = 1.59796e-05, Final residual = 1.14031e-12, No Iterations 1
DILUPBiCG:  Solving for H, Initial residual = 1.35394e-07, Final residual = 2.8882e-15, No Iterations 1
DILUPBiCG:  Solving for H, Initial residual = 1.15384e-08, Final residual = 1.28676e-15, No Iterations 1
ExecutionTime = 0.26 s  ClockTime = 0 s

Courant Number mean: 0.00745473 max: 0.0135621
Interface Courant Number mean: 1.25289e-05 max: 0.00680603
Fourier number mean: 0.10113 max: 0.249941
deltaT = 8.40336e-07
Time = 0.00600672

MULES: Solving for alpha1
Liquid phase volume fraction = 0.00491548  Min(alpha1) = 0  Max(alpha1) = 1
MULES: Solving for alpha1
Liquid phase volume fraction = 0.00491562  Min(alpha1) = 0  Max(alpha1) = 1
MULES: Solving for alpha1
Liquid phase volume fraction = 0.00491576  Min(alpha1) = 0  Max(alpha1) = 1
PIMPLE: iteration 1
GAMG:  Solving for p_rgh, Initial residual = 0.000526648, Final residual = 7.32309e-07, No Iterations 1
GAMG:  Solving for p_rgh, Initial residual = 7.31742e-07, Final residual = 7.07367e-08, No Iterations 2
time step continuity errors : sum local = 2.50592e-05, global = -2.50591e-05, cumulative = -0.000400885
GAMG:  Solving for p_rgh, Initial residual = 0.000153105, Final residual = 6.79377e-07, No Iterations 1
GAMGPCG:  Solving for p_rgh, Initial residual = 6.79623e-07, Final residual = 4.13732e-11, No Iterations 2
time step continuity errors : sum local = 2.50591e-05, global = -2.50591e-05, cumulative = -0.000425945
****
****Pressure range: 2.37316 Pa
****Max velocity: 0.0420488 m/s
****Phase change energy: -0.0910834 W
****Volume change: -2.98204e-08 m^3/s
DILUPBiCG:  Solving for H, Initial residual = 1.57601e-05, Final residual = 1.02781e-12, No Iterations 1
DILUPBiCG:  Solving for H, Initial residual = 1.32974e-07, Final residual = 2.71676e-15, No Iterations 1
DILUPBiCG:  Solving for H, Initial residual = 1.06829e-08, Final residual = 1.11393e-15, No Iterations 1
ExecutionTime = 0.27 s  ClockTime = 0 s

Courant Number mean: 0.00745511 max: 0.0135629
Interface Courant Number mean: 1.25296e-05 max: 0.0068064
Fourier number mean: 0.10113 max: 0.249941
deltaT = 8.40336e-07
Time = 0.00600756

MULES: Solving for alpha1
Liquid phase volume fraction = 0.0049159  Min(alpha1) = 0  Max(alpha1) = 1
MULES: Solving for alpha1
Liquid phase volume fraction = 0.00491604  Min(alpha1) = 0  Max(alpha1) = 1
MULES: Solving for alpha1
Liquid phase volume fraction = 0.00491618  Min(alpha1) = 0  Max(alpha1) = 1
PIMPLE: iteration 1
GAMG:  Solving for p_rgh, Initial residual = 0.000354656, Final residual = 5.9586e-07, No Iterations 1
GAMG:  Solving for p_rgh, Initial residual = 5.95473e-07, Final residual = 1.86216e-08, No Iterations 3
time step continuity errors : sum local = 2.50604e-05, global = -2.50604e-05, cumulative = -0.000451005
GAMG:  Solving for p_rgh, Initial residual = 0.000101796, Final residual = 6.79854e-07, No Iterations 1
GAMGPCG:  Solving for p_rgh, Initial residual = 6.80137e-07, Final residual = 3.69886e-11, No Iterations 2
time step continuity errors : sum local = 2.50604e-05, global = -2.50604e-05, cumulative = -0.000476065
****
****Pressure range: 2.37225 Pa
****Max velocity: 0.0420572 m/s
****Phase change energy: -0.091088 W
****Volume change: -2.98219e-08 m^3/s
DILUPBiCG:  Solving for H, Initial residual = 1.56228e-05, Final residual = 9.64028e-13, No Iterations 1
DILUPBiCG:  Solving for H, Initial residual = 1.32372e-07, Final residual = 2.80125e-15, No Iterations 1
DILUPBiCG:  Solving for H, Initial residual = 1.04086e-08, Final residual = 1.0666e-15, No Iterations 1
ExecutionTime = 0.29 s  ClockTime = 0 s

Courant Number mean: 0.00745548 max: 0.0135635
Interface Courant Number mean: 1.25302e-05 max: 0.00680674
Fourier number mean: 0.10113 max: 0.249941
deltaT = 8.40336e-07
Time = 0.0060084

MULES: Solving for alpha1
Liquid phase volume fraction = 0.00491632  Min(alpha1) = 0  Max(alpha1) = 1
MULES: Solving for alpha1
Liquid phase volume fraction = 0.00491646  Min(alpha1) = 0  Max(alpha1) = 1
MULES: Solving for alpha1
Liquid phase volume fraction = 0.0049166  Min(alpha1) = 0  Max(alpha1) = 1
PIMPLE: iteration 1
GAMG:  Solving for p_rgh, Initial residual = 0.000262814, Final residual = 6.41959e-07, No Iterations 1
GAMG:  Solving for p_rgh, Initial residual = 6.41534e-07, Final residual = 2.04867e-08, No Iterations 3
time step continuity errors : sum local = 2.50616e-05, global = -2.50616e-05, cumulative = -0.000501127
GAMG:  Solving for p_rgh, Initial residual = 6.94491e-05, Final residual = 6.71196e-07, No Iterations 1
GAMGPCG:  Solving for p_rgh, Initial residual = 6.71494e-07, Final residual = 3.54081e-11, No Iterations 2
time step continuity errors : sum local = 2.50616e-05, global = -2.50616e-05, cumulative = -0.000526189
****
****Pressure range: 2.37199 Pa
****Max velocity: 0.0420629 m/s
****Phase change energy: -0.0910925 W
****Volume change: -2.98233e-08 m^3/s
DILUPBiCG:  Solving for H, Initial residual = 1.55358e-05, Final residual = 9.24424e-13, No Iterations 1
DILUPBiCG:  Solving for H, Initial residual = 1.32134e-07, Final residual = 2.89065e-15, No Iterations 1
DILUPBiCG:  Solving for H, Initial residual = 1.03297e-08, Final residual = 1.05603e-15, No Iterations 1
ExecutionTime = 0.32 s  ClockTime = 0 s

Courant Number mean: 0.00745585 max: 0.0135642
Interface Courant Number mean: 1.25308e-05 max: 0.00680708
Fourier number mean: 0.10113 max: 0.249941
deltaT = 8.40336e-07
Time = 0.00600924

MULES: Solving for alpha1
Liquid phase volume fraction = 0.00491674  Min(alpha1) = 0  Max(alpha1) = 1
MULES: Solving for alpha1
Liquid phase volume fraction = 0.00491688  Min(alpha1) = 0  Max(alpha1) = 1
MULES: Solving for alpha1
Liquid phase volume fraction = 0.00491702  Min(alpha1) = 0  Max(alpha1) = 1
PIMPLE: iteration 1
GAMG:  Solving for p_rgh, Initial residual = 0.000211743, Final residual = 6.95602e-07, No Iterations 1
GAMG:  Solving for p_rgh, Initial residual = 6.95128e-07, Final residual = 2.20511e-08, No Iterations 3
time step continuity errors : sum local = 2.50629e-05, global = -2.50629e-05, cumulative = -0.000551252
GAMG:  Solving for p_rgh, Initial residual = 4.85425e-05, Final residual = 6.69965e-07, No Iterations 1
GAMGPCG:  Solving for p_rgh, Initial residual = 6.70277e-07, Final residual = 3.48311e-11, No Iterations 2
time step continuity errors : sum local = 2.50629e-05, global = -2.50629e-05, cumulative = -0.000576314
****
****Pressure range: 2.37208 Pa
****Max velocity: 0.0420676 m/s
****Phase change energy: -0.091097 W
****Volume change: -2.98248e-08 m^3/s
DILUPBiCG:  Solving for H, Initial residual = 1.54746e-05, Final residual = 8.95979e-13, No Iterations 1
DILUPBiCG:  Solving for H, Initial residual = 1.32073e-07, Final residual = 2.96909e-15, No Iterations 1
DILUPBiCG:  Solving for H, Initial residual = 1.03445e-08, Final residual = 1.0577e-15, No Iterations 1
ExecutionTime = 0.34 s  ClockTime = 0 s

Courant Number mean: 0.00745622 max: 0.0135649
Interface Courant Number mean: 1.25314e-05 max: 0.00680743
Fourier number mean: 0.10113 max: 0.249941
deltaT = 8.40336e-07
Time = 0.00601008

MULES: Solving for alpha1
Liquid phase volume fraction = 0.00491716  Min(alpha1) = 0  Max(alpha1) = 1
MULES: Solving for alpha1
Liquid phase volume fraction = 0.00491731  Min(alpha1) = 0  Max(alpha1) = 1
MULES: Solving for alpha1
Liquid phase volume fraction = 0.00491745  Min(alpha1) = 0  Max(alpha1) = 1
PIMPLE: iteration 1
GAMG:  Solving for p_rgh, Initial residual = 0.000182382, Final residual = 7.18693e-07, No Iterations 1
GAMG:  Solving for p_rgh, Initial residual = 7.18202e-07, Final residual = 2.27466e-08, No Iterations 3
time step continuity errors : sum local = 2.50641e-05, global = -2.50641e-05, cumulative = -0.000601379
GAMG:  Solving for p_rgh, Initial residual = 3.47191e-05, Final residual = 6.71551e-07, No Iterations 1
GAMGPCG:  Solving for p_rgh, Initial residual = 6.71873e-07, Final residual = 3.471e-11, No Iterations 2
time step continuity errors : sum local = 2.50641e-05, global = -2.50641e-05, cumulative = -0.000626443
****
****Pressure range: 2.37235 Pa
****Max velocity: 0.0420719 m/s
****Phase change energy: -0.0911015 W
****Volume change: -2.98263e-08 m^3/s
DILUPBiCG:  Solving for H, Initial residual = 1.54313e-05, Final residual = 8.74821e-13, No Iterations 1
DILUPBiCG:  Solving for H, Initial residual = 1.32068e-07, Final residual = 3.03094e-15, No Iterations 1
DILUPBiCG:  Solving for H, Initial residual = 1.03856e-08, Final residual = 1.06196e-15, No Iterations 1
ExecutionTime = 0.36 s  ClockTime = 0 s

Courant Number mean: 0.00745659 max: 0.0135656
Interface Courant Number mean: 1.25321e-05 max: 0.00680778
Fourier number mean: 0.10113 max: 0.249941
deltaT = 8.40336e-07
Time = 0.00601092

MULES: Solving for alpha1
Liquid phase volume fraction = 0.00491759  Min(alpha1) = 0  Max(alpha1) = 1
MULES: Solving for alpha1
Liquid phase volume fraction = 0.00491773  Min(alpha1) = 0  Max(alpha1) = 1
MULES: Solving for alpha1
Liquid phase volume fraction = 0.00491787  Min(alpha1) = 0  Max(alpha1) = 1
PIMPLE: iteration 1
GAMG:  Solving for p_rgh, Initial residual = 0.000168779, Final residual = 7.69003e-07, No Iterations 1
GAMG:  Solving for p_rgh, Initial residual = 7.68458e-07, Final residual = 2.42521e-08, No Iterations 3
time step continuity errors : sum local = 2.50654e-05, global = -2.50654e-05, cumulative = -0.000651508
GAMG:  Solving for p_rgh, Initial residual = 2.54429e-05, Final residual = 6.77099e-07, No Iterations 1
GAMGPCG:  Solving for p_rgh, Initial residual = 6.77432e-07, Final residual = 3.49852e-11, No Iterations 2
time step continuity errors : sum local = 2.50654e-05, global = -2.50654e-05, cumulative = -0.000676573
****
****Pressure range: 2.37274 Pa
****Max velocity: 0.0420761 m/s
****Phase change energy: -0.0911061 W
****Volume change: -2.98278e-08 m^3/s
DILUPBiCG:  Solving for H, Initial residual = 1.53999e-05, Final residual = 8.6008e-13, No Iterations 1
DILUPBiCG:  Solving for H, Initial residual = 1.32124e-07, Final residual = 3.08983e-15, No Iterations 1
DILUPBiCG:  Solving for H, Initial residual = 1.04566e-08, Final residual = 1.07185e-15, No Iterations 1
ExecutionTime = 0.39 s  ClockTime = 0 s

Courant Number mean: 0.00745696 max: 0.0135663
Interface Courant Number mean: 1.25327e-05 max: 0.00680814
Fourier number mean: 0.10113 max: 0.249941
deltaT = 8.40336e-07
Time = 0.00601176

MULES: Solving for alpha1
Liquid phase volume fraction = 0.00491801  Min(alpha1) = 0  Max(alpha1) = 1
MULES: Solving for alpha1
Liquid phase volume fraction = 0.00491815  Min(alpha1) = 0  Max(alpha1) = 1
MULES: Solving for alpha1
Liquid phase volume fraction = 0.00491829  Min(alpha1) = 0  Max(alpha1) = 1
PIMPLE: iteration 1
GAMG:  Solving for p_rgh, Initial residual = 0.000161361, Final residual = 6.90228e-07, No Iterations 1
GAMG:  Solving for p_rgh, Initial residual = 6.89777e-07, Final residual = 2.19288e-08, No Iterations 3
time step continuity errors : sum local = 2.50666e-05, global = -2.50666e-05, cumulative = -0.00070164
GAMG:  Solving for p_rgh, Initial residual = 2.00044e-05, Final residual = 6.76815e-07, No Iterations 1
GAMGPCG:  Solving for p_rgh, Initial residual = 6.77152e-07, Final residual = 3.48731e-11, No Iterations 2
time step continuity errors : sum local = 2.50666e-05, global = -2.50666e-05, cumulative = -0.000726707
****
****Pressure range: 2.37322 Pa
****Max velocity: 0.0420801 m/s
****Phase change energy: -0.0911107 W
****Volume change: -2.98293e-08 m^3/s
DILUPBiCG:  Solving for H, Initial residual = 1.53791e-05, Final residual = 8.47736e-13, No Iterations 1
DILUPBiCG:  Solving for H, Initial residual = 1.32194e-07, Final residual = 3.14445e-15, No Iterations 1
DILUPBiCG:  Solving for H, Initial residual = 1.05313e-08, Final residual = 1.0829e-15, No Iterations 1
ExecutionTime = 0.41 s  ClockTime = 0 s

Courant Number mean: 0.00745734 max: 0.013567
Interface Courant Number mean: 1.25333e-05 max: 0.0068085
Fourier number mean: 0.10113 max: 0.249941
deltaT = 8.40336e-07
Time = 0.00601261

MULES: Solving for alpha1
Liquid phase volume fraction = 0.00491843  Min(alpha1) = 0  Max(alpha1) = 1
MULES: Solving for alpha1
Liquid phase volume fraction = 0.00491857  Min(alpha1) = 0  Max(alpha1) = 1
MULES: Solving for alpha1
Liquid phase volume fraction = 0.00491871  Min(alpha1) = 0  Max(alpha1) = 1
PIMPLE: iteration 1
GAMG:  Solving for p_rgh, Initial residual = 0.000156607, Final residual = 6.24306e-07, No Iterations 1
GAMG:  Solving for p_rgh, Initial residual = 6.23926e-07, Final residual = 1.99748e-08, No Iterations 3
time step continuity errors : sum local = 2.50679e-05, global = -2.50679e-05, cumulative = -0.000751775
GAMG:  Solving for p_rgh, Initial residual = 1.77587e-05, Final residual = 6.70929e-07, No Iterations 1
GAMGPCG:  Solving for p_rgh, Initial residual = 6.71262e-07, Final residual = 3.44594e-11, No Iterations 2
time step continuity errors : sum local = 2.50679e-05, global = -2.50679e-05, cumulative = -0.000776843
****
****Pressure range: 2.3738 Pa
****Max velocity: 0.042084 m/s
****Phase change energy: -0.0911152 W
****Volume change: -2.98308e-08 m^3/s
DILUPBiCG:  Solving for H, Initial residual = 1.53632e-05, Final residual = 8.37713e-13, No Iterations 1
DILUPBiCG:  Solving for H, Initial residual = 1.3223e-07, Final residual = 3.18567e-15, No Iterations 1
DILUPBiCG:  Solving for H, Initial residual = 1.05843e-08, Final residual = 1.09023e-15, No Iterations 1
ExecutionTime = 0.43 s  ClockTime = 0 s

Courant Number mean: 0.00745771 max: 0.0135677
Interface Courant Number mean: 1.2534e-05 max: 0.00680885
Fourier number mean: 0.10113 max: 0.249941
deltaT = 8.40336e-07
Time = 0.00601345

MULES: Solving for alpha1
Liquid phase volume fraction = 0.00491885  Min(alpha1) = 0  Max(alpha1) = 1
MULES: Solving for alpha1
Liquid phase volume fraction = 0.00491899  Min(alpha1) = 0  Max(alpha1) = 1
MULES: Solving for alpha1
Liquid phase volume fraction = 0.00491913  Min(alpha1) = 0  Max(alpha1) = 1
PIMPLE: iteration 1
GAMG:  Solving for p_rgh, Initial residual = 0.000153748, Final residual = 6.5498e-07, No Iterations 1
GAMG:  Solving for p_rgh, Initial residual = 6.54571e-07, Final residual = 2.08767e-08, No Iterations 3
time step continuity errors : sum local = 2.50691e-05, global = -2.50691e-05, cumulative = -0.000801912
GAMG:  Solving for p_rgh, Initial residual = 1.65353e-05, Final residual = 6.67112e-07, No Iterations 1
GAMGPCG:  Solving for p_rgh, Initial residual = 6.67443e-07, Final residual = 3.42745e-11, No Iterations 2
time step continuity errors : sum local = 2.50691e-05, global = -2.50691e-05, cumulative = -0.000826981
****
****Pressure range: 2.37442 Pa
****Max velocity: 0.0420878 m/s
****Phase change energy: -0.0911197 W
****Volume change: -2.98323e-08 m^3/s
DILUPBiCG:  Solving for H, Initial residual = 1.53498e-05, Final residual = 8.29238e-13, No Iterations 1
DILUPBiCG:  Solving for H, Initial residual = 1.32249e-07, Final residual = 3.21516e-15, No Iterations 1
DILUPBiCG:  Solving for H, Initial residual = 1.06248e-08, Final residual = 1.09584e-15, No Iterations 1
ExecutionTime = 0.45 s  ClockTime = 0 s

Courant Number mean: 0.00745808 max: 0.0135684
Interface Courant Number mean: 1.25346e-05 max: 0.00680918
Fourier number mean: 0.10113 max: 0.249941
deltaT = 8.40336e-07
Time = 0.00601429

MULES: Solving for alpha1
Liquid phase volume fraction = 0.00491928  Min(alpha1) = 0  Max(alpha1) = 1
MULES: Solving for alpha1
Liquid phase volume fraction = 0.00491942  Min(alpha1) = 0  Max(alpha1) = 1
MULES: Solving for alpha1
Liquid phase volume fraction = 0.00491956  Min(alpha1) = 0  Max(alpha1) = 1
PIMPLE: iteration 1
GAMG:  Solving for p_rgh, Initial residual = 0.000152296, Final residual = 6.94777e-07, No Iterations 1
GAMG:  Solving for p_rgh, Initial residual = 6.94325e-07, Final residual = 2.20471e-08, No Iterations 3
time step continuity errors : sum local = 2.50704e-05, global = -2.50704e-05, cumulative = -0.000852051
GAMG:  Solving for p_rgh, Initial residual = 1.57427e-05, Final residual = 6.66829e-07, No Iterations 1
GAMGPCG:  Solving for p_rgh, Initial residual = 6.67162e-07, Final residual = 3.43022e-11, No Iterations 2
time step continuity errors : sum local = 2.50704e-05, global = -2.50704e-05, cumulative = -0.000877122
****
****Pressure range: 2.37506 Pa
****Max velocity: 0.0420916 m/s
****Phase change energy: -0.0911242 W
****Volume change: -2.98337e-08 m^3/s
DILUPBiCG:  Solving for H, Initial residual = 1.53389e-05, Final residual = 8.22124e-13, No Iterations 1
DILUPBiCG:  Solving for H, Initial residual = 1.32271e-07, Final residual = 3.23828e-15, No Iterations 1
DILUPBiCG:  Solving for H, Initial residual = 1.06642e-08, Final residual = 1.10136e-15, No Iterations 1
ExecutionTime = 0.48 s  ClockTime = 0 s

Courant Number mean: 0.00745845 max: 0.0135691
Interface Courant Number mean: 1.25352e-05 max: 0.00680953
Fourier number mean: 0.10113 max: 0.249941
deltaT = 8.40336e-07
Time = 0.00601513

MULES: Solving for alpha1
Liquid phase volume fraction = 0.0049197  Min(alpha1) = 0  Max(alpha1) = 1
MULES: Solving for alpha1
Liquid phase volume fraction = 0.00491984  Min(alpha1) = 0  Max(alpha1) = 1
MULES: Solving for alpha1
Liquid phase volume fraction = 0.00491998  Min(alpha1) = 0  Max(alpha1) = 1
PIMPLE: iteration 1
GAMG:  Solving for p_rgh, Initial residual = 0.000151387, Final residual = 7.09284e-07, No Iterations 1
GAMG:  Solving for p_rgh, Initial residual = 7.08817e-07, Final residual = 2.24785e-08, No Iterations 3
time step continuity errors : sum local = 2.50716e-05, global = -2.50716e-05, cumulative = -0.000902193
GAMG:  Solving for p_rgh, Initial residual = 1.52186e-05, Final residual = 6.6801e-07, No Iterations 1
GAMGPCG:  Solving for p_rgh, Initial residual = 6.68345e-07, Final residual = 3.43897e-11, No Iterations 2
time step continuity errors : sum local = 2.50716e-05, global = -2.50716e-05, cumulative = -0.000927265
****
****Pressure range: 2.37569 Pa
****Max velocity: 0.0420955 m/s
****Phase change energy: -0.0911287 W
****Volume change: -2.98352e-08 m^3/s
DILUPBiCG:  Solving for H, Initial residual = 1.53305e-05, Final residual = 8.15702e-13, No Iterations 1
DILUPBiCG:  Solving for H, Initial residual = 1.32275e-07, Final residual = 3.2527e-15, No Iterations 1
DILUPBiCG:  Solving for H, Initial residual = 1.0691e-08, Final residual = 1.10467e-15, No Iterations 1
ExecutionTime = 0.5 s  ClockTime = 0 s

Courant Number mean: 0.00745882 max: 0.0135698
Interface Courant Number mean: 1.25358e-05 max: 0.00680988
Fourier number mean: 0.10113 max: 0.249941
deltaT = 8.40336e-07
Time = 0.00601597

MULES: Solving for alpha1
Liquid phase volume fraction = 0.00492012  Min(alpha1) = 0  Max(alpha1) = 1
MULES: Solving for alpha1
Liquid phase volume fraction = 0.00492026  Min(alpha1) = 0  Max(alpha1) = 1
MULES: Solving for alpha1
Liquid phase volume fraction = 0.0049204  Min(alpha1) = 0  Max(alpha1) = 1
PIMPLE: iteration 1
GAMG:  Solving for p_rgh, Initial residual = 0.000150772, Final residual = 7.48221e-07, No Iterations 1
GAMG:  Solving for p_rgh, Initial residual = 7.47711e-07, Final residual = 2.36389e-08, No Iterations 3
time step continuity errors : sum local = 2.50729e-05, global = -2.50729e-05, cumulative = -0.000952338
GAMG:  Solving for p_rgh, Initial residual = 1.49607e-05, Final residual = 6.72079e-07, No Iterations 1
GAMGPCG:  Solving for p_rgh, Initial residual = 6.72418e-07, Final residual = 3.46731e-11, No Iterations 2
time step continuity errors : sum local = 2.50729e-05, global = -2.50729e-05, cumulative = -0.000977411
****
****Pressure range: 2.37631 Pa
****Max velocity: 0.0420993 m/s
****Phase change energy: -0.0911333 W
****Volume change: -2.98367e-08 m^3/s
DILUPBiCG:  Solving for H, Initial residual = 1.53243e-05, Final residual = 8.09872e-13, No Iterations 1
DILUPBiCG:  Solving for H, Initial residual = 1.32293e-07, Final residual = 3.26933e-15, No Iterations 1
DILUPBiCG:  Solving for H, Initial residual = 1.07237e-08, Final residual = 1.10972e-15, No Iterations 1
ExecutionTime = 0.52 s  ClockTime = 0 s

Courant Number mean: 0.00745919 max: 0.0135705
Interface Courant Number mean: 1.25364e-05 max: 0.00681023
Fourier number mean: 0.10113 max: 0.249941
deltaT = 8.40336e-07
Time = 0.00601681

MULES: Solving for alpha1
Liquid phase volume fraction = 0.00492054  Min(alpha1) = 0  Max(alpha1) = 1
MULES: Solving for alpha1
Liquid phase volume fraction = 0.00492068  Min(alpha1) = 0  Max(alpha1) = 1
MULES: Solving for alpha1
Liquid phase volume fraction = 0.00492082  Min(alpha1) = 0  Max(alpha1) = 1
PIMPLE: iteration 1
GAMG:  Solving for p_rgh, Initial residual = 0.000150417, Final residual = 7.0411e-07, No Iterations 1
GAMG:  Solving for p_rgh, Initial residual = 7.03649e-07, Final residual = 2.23366e-08, No Iterations 3
time step continuity errors : sum local = 2.50741e-05, global = -2.50741e-05, cumulative = -0.00100248
GAMG:  Solving for p_rgh, Initial residual = 1.48082e-05, Final residual = 6.72931e-07, No Iterations 1
GAMGPCG:  Solving for p_rgh, Initial residual = 6.73271e-07, Final residual = 3.46804e-11, No Iterations 2
time step continuity errors : sum local = 2.50741e-05, global = -2.50741e-05, cumulative = -0.00102756
****
****Pressure range: 2.37694 Pa
****Max velocity: 0.0421031 m/s
****Phase change energy: -0.0911378 W
****Volume change: -2.98382e-08 m^3/s
DILUPBiCG:  Solving for H, Initial residual = 1.53197e-05, Final residual = 8.04545e-13, No Iterations 1
DILUPBiCG:  Solving for H, Initial residual = 1.32318e-07, Final residual = 3.28901e-15, No Iterations 1
DILUPBiCG:  Solving for H, Initial residual = 1.07575e-08, Final residual = 1.11565e-15, No Iterations 1
ExecutionTime = 0.55 s  ClockTime = 0 s

Courant Number mean: 0.00745956 max: 0.0135712
Interface Courant Number mean: 1.25371e-05 max: 0.00681058
Fourier number mean: 0.10113 max: 0.249941
deltaT = 8.40336e-07
Time = 0.00601765

MULES: Solving for alpha1
Liquid phase volume fraction = 0.00492096  Min(alpha1) = 0  Max(alpha1) = 1
MULES: Solving for alpha1
Liquid phase volume fraction = 0.00492111  Min(alpha1) = 0  Max(alpha1) = 1
MULES: Solving for alpha1
Liquid phase volume fraction = 0.00492125  Min(alpha1) = 0  Max(alpha1) = 1
PIMPLE: iteration 1
GAMG:  Solving for p_rgh, Initial residual = 0.000150231, Final residual = 6.50743e-07, No Iterations 1
GAMG:  Solving for p_rgh, Initial residual = 6.5034e-07, Final residual = 2.07518e-08, No Iterations 3
time step continuity errors : sum local = 2.50754e-05, global = -2.50754e-05, cumulative = -0.00105263
GAMG:  Solving for p_rgh, Initial residual = 1.46789e-05, Final residual = 6.69357e-07, No Iterations 1
GAMGPCG:  Solving for p_rgh, Initial residual = 6.69694e-07, Final residual = 3.44232e-11, No Iterations 2
time step continuity errors : sum local = 2.50754e-05, global = -2.50754e-05, cumulative = -0.00107771
****
****Pressure range: 2.3776 Pa
****Max velocity: 0.0421069 m/s
****Phase change energy: -0.0911424 W
****Volume change: -2.98397e-08 m^3/s
DILUPBiCG:  Solving for H, Initial residual = 1.53157e-05, Final residual = 7.99602e-13, No Iterations 1
DILUPBiCG:  Solving for H, Initial residual = 1.32327e-07, Final residual = 3.30573e-15, No Iterations 1
DILUPBiCG:  Solving for H, Initial residual = 1.07801e-08, Final residual = 1.11966e-15, No Iterations 1
ExecutionTime = 0.57 s  ClockTime = 0 s

Courant Number mean: 0.00745993 max: 0.0135719
Interface Courant Number mean: 1.25377e-05 max: 0.00681092
Fourier number mean: 0.10113 max: 0.249941
deltaT = 8.40336e-07
Time = 0.00601849

MULES: Solving for alpha1
Liquid phase volume fraction = 0.00492139  Min(alpha1) = 0  Max(alpha1) = 1
MULES: Solving for alpha1
Liquid phase volume fraction = 0.00492153  Min(alpha1) = 0  Max(alpha1) = 1
MULES: Solving for alpha1
Liquid phase volume fraction = 0.00492167  Min(alpha1) = 0  Max(alpha1) = 1
PIMPLE: iteration 1
GAMG:  Solving for p_rgh, Initial residual = 0.000150098, Final residual = 6.49609e-07, No Iterations 1
GAMG:  Solving for p_rgh, Initial residual = 6.49207e-07, Final residual = 2.07118e-08, No Iterations 3
time step continuity errors : sum local = 2.50766e-05, global = -2.50766e-05, cumulative = -0.00110279
GAMG:  Solving for p_rgh, Initial residual = 1.45866e-05, Final residual = 6.65457e-07, No Iterations 1
GAMGPCG:  Solving for p_rgh, Initial residual = 6.6579e-07, Final residual = 3.42033e-11, No Iterations 2
time step continuity errors : sum local = 2.50766e-05, global = -2.50766e-05, cumulative = -0.00112786
****
****Pressure range: 2.37828 Pa
****Max velocity: 0.0421106 m/s
****Phase change energy: -0.0911469 W
****Volume change: -2.98412e-08 m^3/s
DILUPBiCG:  Solving for H, Initial residual = 1.53115e-05, Final residual = 7.95102e-13, No Iterations 1
DILUPBiCG:  Solving for H, Initial residual = 1.32316e-07, Final residual = 3.3154e-15, No Iterations 1
DILUPBiCG:  Solving for H, Initial residual = 1.07897e-08, Final residual = 1.12128e-15, No Iterations 1
ExecutionTime = 0.6 s  ClockTime = 0 s

Courant Number mean: 0.0074603 max: 0.0135725
Interface Courant Number mean: 1.25383e-05 max: 0.00681126
Fourier number mean: 0.10113 max: 0.249941
deltaT = 8.40336e-07
Time = 0.00601933

MULES: Solving for alpha1
Liquid phase volume fraction = 0.00492181  Min(alpha1) = 0  Max(alpha1) = 1
MULES: Solving for alpha1
Liquid phase volume fraction = 0.00492195  Min(alpha1) = 0  Max(alpha1) = 1
MULES: Solving for alpha1
Liquid phase volume fraction = 0.00492209  Min(alpha1) = 0  Max(alpha1) = 1
PIMPLE: iteration 1
GAMG:  Solving for p_rgh, Initial residual = 0.000149936, Final residual = 6.891e-07, No Iterations 1
GAMG:  Solving for p_rgh, Initial residual = 6.88657e-07, Final residual = 2.18761e-08, No Iterations 3
time step continuity errors : sum local = 2.50778e-05, global = -2.50778e-05, cumulative = -0.00115294
GAMG:  Solving for p_rgh, Initial residual = 1.45581e-05, Final residual = 6.6475e-07, No Iterations 1
GAMGPCG:  Solving for p_rgh, Initial residual = 6.65083e-07, Final residual = 3.42072e-11, No Iterations 2
time step continuity errors : sum local = 2.50778e-05, global = -2.50778e-05, cumulative = -0.00117802
****
****Pressure range: 2.37897 Pa
****Max velocity: 0.0421143 m/s
****Phase change energy: -0.0911514 W
****Volume change: -2.98426e-08 m^3/s
DILUPBiCG:  Solving for H, Initial residual = 1.53079e-05, Final residual = 7.90957e-13, No Iterations 1
DILUPBiCG:  Solving for H, Initial residual = 1.32312e-07, Final residual = 3.32253e-15, No Iterations 1
DILUPBiCG:  Solving for H, Initial residual = 1.08018e-08, Final residual = 1.12331e-15, No Iterations 1
